26

c. 811 31111111 811 811811818811111111181

1181111111 11111111 1899 80 8811118111111111118 1018811111
1111111111111111ῥρΠ , ,, , ,11 ,

1111111111 80 , ,, ,, η 25 η

11. 88111181 811 11111 81111 31111118 811 811111 1181111111 81811111.

318118111181899.

880. 8111 811111, 118. 18. 3111111 1877 in (8111111, 1118118, &obn 111111 8111111111 in 8111111, 1111 1111111811
1118111 (8111118111 118 1¹12 31811 11 11111111 (8118 8811811818 111118881111181111811 811811.

881. 8111811111881118811, 118. 9. (8111111811 187811811111111, 11111, 8181 11111 811111181111811,1111
8111 111811 111 8111 8111111111 118 3 31811 in 811111, 11181111 88111111.

888. 8111181111 81111 18111811 81118111, 118. 8811111 18811118111111, 111111, 8181111118 81111118 81111811, 1111
9111 81811 111811188111111111 118 8111 11181111 1111111, 11181111 811 911811.

889. 8111 81111 18181131111111, 118. 8881111188011 (81111111, 11111, 8181 18118 (911188111111118 81111811, 1111
gib ξίἶῖῖῐὶτδίιιειιξ]ἶ 83118111111111 118 8111 81811 1111111111 (111811 111 8111 1181111 81811818111111111 in (8111111),

3181111119οο

884. 181111 81111 89111111, 118. 88. 8111111811 1881 in 6111111, 11111, 1518111118 1118118111 8118881111τῦ 11
8111111, 11117 81811 111 8111 (8111118111 118 83181111 8311111, 11111811 811811 1118111111

888. 111118 8111118 8181111 818111 811111, 118. 18 guni 1879 11 81118111, 111. 8111111118, 11111, 8181111118
81811ῑ10111ῖω8ξῖε1τ1ἰᾷ8111111, 111. 8111111118, 1111 9111811 1118111 (8111111111 1118 8111811 11811111, 11111

888. {bez 111111 81111 8111 811181, 118. 10. 13111811 1879 in 8111111, 11111, 8181 18111 3111111118 81111811, 1111
1011131811 1118111 8111111111 118 8111811 11 8111111, 11111 8111811111 1111811111.

887. 8118111, 118. 19. 8111111811 1881 11 811111, 1118118, 8181111118 9111111118 81111811, 1111 8 31811 111 8111
(8111118111 111 8 81811 11 811111, 11111 88111111118111111

888. 8118 81811118 8111 8111, 118. 6. 8111111 1880 in 81111118, 11111, 8181181888111811111111118188111118
11 15111111, 1111 111811 1111 8111 8111111111 118 8 111811 in 811111, 11111 811 811811 1118111111.

889. 81111 81118118 1111181111, 118. 81. &uni 1881 11 (81111111, 11111.. 818111118818111181111811, 1111431811
1118111 (8111111111 118 8 111811 11 811111, mill 8811111111 1111811111.

870. 1881111111 8118 1118111,118. 18. 8111811 1881 1181111111, 111111, 8181111188111111118,81111811,1111
9 31811 111 8111 (8111111111 1118 8111811111 811111, 11111 81118111 1111811111.

871. 111111 8811111 8111118111 81811, 118. 18. 311111 188911611111111181,11111., 61811118811111181111811,
1111 8 81811 111 8111 (8111111111 118 8 8181111 8111111, 11111 1118111181111111 811111111118181111111111111111.

V. 81111111111 111 ,1111111881

Δ. 811818181111811.

- - 1. 8118811111 118 manzanum 8111111. 88. 94. - 3111181111 1818118181811111111181.
118. 13. -9111111111811311111181111 1111 8111181118. 1899. - 81111 3181811811 1111 811 11111181 1111111111 118 111

8118111111. 1899. 3111181111 1111 (8111181111111. 1899. -311111181111 181 811 11111111 11111118811111111111 11
8111111. 1899. -811111111118 811811111111. 88. 48. - 81118 u. 81111111, 8181111811 11118 8181111111.
811189-88. - 8811111111 8111181 8111111811. 811. 881-888. —- 8111111, 81111818 1811111818. 8181811118 -
8118811818 8181818 811 81811111 881111 8111811188. 81811. 80. - 8111 81111811 8111818111. 88. V. 1181. 4,
1181811111. - 8111111811, 8118818 811 8811811181181111111181811811. 8118811111. - 8181118111811 1111

 

