24

· 811 1111118811 8811111111 11111111 111 1111181111 181111 11111111, 111 81111111 11 8111181111 111
11111111 81111 111 8111118111 8111111111, 11 1511111111 111 8111111111 Dr. 881111, 111 111 31818111111111
1111111111 Dr. 811111.

818 81811111111111111. 81111 1811118811 8111111 81111 111111 88111 111 11111111 11 18. 11111111 111111
111 8811118111 8111111 11118 111811 1111111111.

11111 8111111 11111111 1111111 111111 11 81. 13111111 1817 11 1111111111 11 1111111 1111111111 111111 8181
11118 8111111111 1181111, 1181111 1888 111 111 8111111111 11 ,8118111 118 3111111 111 811111 1111 1111111111 11 8111
1111 (8111111111 881111111111 8811111111. 1118 1111111111 111111 1111118111 (11 11111111 11111 811111. 1111111118
1811111111 11 8111111) 11111 11 111 1111811111 1878 118 8181118111 11 111 81111111111111 11111111 111 111 81181
1111111 111 111111118118181111111 1111111111. 1811111 11111111 811 11 1111111 11111111181111118111111 1811111111 111111
111 88111811 11111 1811111111 11111111. 81111 1111111 111 1111111181 111 1111111111 8811111 11111, 111 11 11 111111
11811 181111 1118 81111111 111 811111881ιί1 11 111111 1111111. 8111 1111111 3111 11111 1111111111, 11111118 1111111 111
1111111 8111111111 1111111111 11111181811111111 111811111111111111. 81111111 111 111111 1111811111 8111111111
1118111111111 11111 1181118111 111111111111111111111 111111 8111118111 1111111. 8118 11 111111 1111111111 811
11 111 1118111111 8111811111 111118 111111 11111111 111 118 1111811 1111811 118 11181 11111, 11 111111 1811 11 111111
111 (8811111118 1181118 8111111. 811 1111118111 111111 111 15811111 11 111 8811111181 111 11111111 11118 111
1881111111 111111 111 1111 11111111 111 8188111111, 111111 181111 1111 8111111 1111111811 11111811, 181111 111
8111111111 1111111 1111118. 1818 8181111811111 1111111111 111 18881118111111111111111111118111111 1118111111
111 1111118811 81111111.

111 1111111811111811811111111811 8111111 11111 8181111111111111111111181, 111 11111 8111111111111 &tanta
1111111118 1111811111 1111 111111 111 811111 111 11. Cornelio Frontone imitationem prisci sermonis latini
1111111111, particula I 1888, particula 111886.

8111111111111 111 811111111111 311 81111 1111111 8111118111 8111111 111111 111 1111118118111
8111 1111111, 111 118 11 81111 111 3111111111818118111 1111111111 111 11118 1111 1111111181 111111 11 11111118
1111111111 8111181111 Dr. 1111 11111818111111111111 1111. 811 (81111181181111 1111 11 1111111111 111111
11111111. 811 1311111111 Dr. 8111111111 111 8111111111 111111 8111118111 11111311111111 111811 1111111111 118
1111111111 118 1111118111 1111111111, 11111 118 11111 111111818111111111118111811811, 111 1111111 3111 111118 1111
111111 1118 111 181181181811111 111111 88111111 8811118111. 81111 8111111111 1111111 11118 111 8811111111111
111111111111111111111111 818111,1111111118111811111111181111811118111111111111118111111111 111111. 81111111
1111 111 8111, 111 111 811111111111111.811111 1111 Dr. 88111111 118 (8118111111, 1111111 11111111 1118811111
1111111111 111111. 88 1111 1181 11181, 111 11111 181111 111 1111111111 8111111 8111118111 11111181 111 811111.

811 8811111. 8111 11811181111818111111 1111111 8111 11111111 11181111 11181111. (811111 118 111 81111111
111 81111811 11118111811111111111111 111 18-183111 1111111111 1111, 111111 111 1118111181 8111111111 111 11111
8111111111 11111 181111 118 18111111 8181111111 11 8881811118 1118111111 1111111 1111 111 111 1111118111 1111111111
118 11111, 111111 111 1111111181 11 111 111111 11111111 1111 1111111111 1111111181, 113111111111111111111111 8111181111
118 811111 11 11111111, 111 111 111118 1111111111 8111118111 11 1111111111 1111 1111111811 111111 1181111811
111111. 18111111 8111111111 11 5888181111 11111 1181818118111111 111 8111111818 1181111, 111 1111111811
8111111111 1111 1111 1111111, 8111111 811111 1111 111 111 11111 81811111111111 1111111, 111 8181111111 11111
1111111181, 1111111111, 111 111111 11 111111 1111111111 11111 1111111111. 81 111 1111111 181811 111111
1818118111111 111111 11111 11111111 11111111 1181111181 8111118111 11 111 11111111 111 1111118111, 118 1111 1118 11111
1111118111 1811 11111111 11111111 11 1111 1111111.

1117. 8811111111111111 111111118118111111111111111181118111111118111111 1111118 1111111111,
188111111111811111111111118. 11111 11111 8111111 11 11111111 111111 1111 8111111811 11181881111111 1111 11181181
88111111 11 81111118. 11118 11811181 1118111 11111111 118111 111 18111 8118111111 11111111 1111111111 1111, 1111118
111 1111111111 111 11111111811111111118111111111181.111181 11111 11111111 1111111811 11111111 11111 111 1111 81111
1181111 11 1111111111 8111111111 1111111 11111.

811111111111 111 881111 111111 1111111 111 818111 (8811111111) 81811 1181118 1111181111,
1111111118 111 111 11111111 1111 1111111 11111111

1111111(8111111111111811111111111 11118118111111,3.111 ὓ1111111111181111811111111111
118 881111 1811 11111111111111 (811181 1111111 81118111 ’

 

