„25-

15. ὗίαῐί3113109 25511555551145551.

A· 00909993ῒώ9199 389 939 &nullm 185151155.

1.550011511..55550051511 .. 55 15 33 005 3 3313313 1114 333
155505545511555515155'11'111555 15 4 1 3-133- 3333 3- - - 33
{555555‘535'5000555000 -33333333 3133 3333333333 333 33333-3333 3-33 33333
33. 333333333333331333 3 3 3-33131333 33 33113 3
1551 333333333333331333 13 33 33 14 51 13 333 13· 33 33 33 13313 13 13 554
3“311333ἓ313ἒ3ἱ3.39 3 3 3 31ἶ3 ¹ ¹
50. 150555555055115 55555555. 33 13 33 -313 - 33 -333 -333 - 33 -13
1133133911ώοοω 19033331939393 —·--— 193- 9- 9991939
7913333393399133339313313ωῶ 5555 13 13 3- - 13 -31- 31 131
3. 333333333333333333 1333333333 33 33 55. 55 13313 31 15 1331313 13 33 551
9. 3333113 1131 5511 391133 ..... 3
13 331333331Ν33333331333 .33333333133313313133331331131333 145
11. 9931333113πίοΜ93 1511. 5551511555. 15515515515115515514515.115,515,111,511111,1105 0

10. 191933333 1113 99131333333933 ..... 9 1

1550551555051151.... 3131131313133 33

9.,91933339 1. 0113131339. 9313111 1393331998 99 13 ----- 1
3133393319 0333313333 39011..333 93- 19--- ,

0 333313333333 ,33911 - 1·1 1 ’

4. 3333111331 55. 5. 6933133193. 19991999 103 91 14 17

5. 3333113131 033391 33133133. - 3 -

33 3333313133 3333333ῗ3331ωπ333333333ἑ3333ω33 33333333 -313-13- -
333113 933 bem &5¹¹¹ 33 *191 ἶ 1-

9Ξῖ333333333333313133333333313333131333933333 5155¹5111¹5551 19 54¹ 19 19 8 19 54·

55115555111551115 ..... 31 1- 1 4

19 93333131 555551551114551 ........... ⁷
5 “5055555505‘ 311... 0000: 5 5⁴. 5 3131 53 ⁸

Β. 55555115· 3339 &mmmmm 933 555551.

1. 931 9933133 933 6393339993 .......
9. 97333 5555 55 9913133399ιῇ3τῦ ........
9. 991 1. 9393333 1999 ............ ¹

 

