22

66 666 6161666666 1. [6, hl, 66 t.=1:m]. (616 61661661 1616166666 661 666 (6666611616, 666 6666 666
6666 6666611616 666 6666666666 6666 666 (6666166666. - 6. 66 616666661611666661661666 111616 6666666 616661
6616666666 616 6666 16 616 6666 666 6166616, 66666 666 6666166616 616166 666 auf 666 6666666 &cite 666 66666
16666611666666666161161116 - 6. 616 56661661 16 66666666 666 666 6666611616, 666 66666661 666 1616161 66 666
6666611616 666 666 6611666. 1661161616 6 = 74 em3 6-γ = 68⁰ 64’ 666 F= 964 6 cm. - 4. 66 61666 6616666666
616166 666 6161 1111166666 ist 616 &mame 666 1166666616 666 ersten 666 166166 (6116666 660, 616 666 1116666616 666 16661166
666 6661661666 696; 661666 111 61616 6161661

6. 6666616666 666 1616116666 1161666161.

a) 666666.

666 &om 6666 16111 61166666, 16116 616666166666.
. 616 61161166 Ι6-ΙΠ6 1666166 16111 16 6116666, 16116 16 11161666, 616 16 666 6611166166 661 666 66666166 16 666
66616666 616666, 6666666 16 666 66666666 16 666 66666666πῄ66 66166666. 1-Π6 Dr. 6616166, Ilb—HIb
Dr. 616. 6166 6666 666666 {m 6616661616666161611611666 66161 66166 61611661 666 6666166666. 6116 6666166
666 11161166 117-61166616611611666666 16 666 6666666116 6666 666 666661666666 1616616 3616. 61616666. 6166
6161661 1666666166 tumre 6611 166616.

6666661666 6666666 116116666ιὶ16 6616666666.
616166 ......... 16 16 Π6 Π6Π6 Π161Π6 IIIbIIIb 1v 66.

11611Ηῦ611 Mu. 6....

‘'v-Q.. ‘ss

1161611666 ........ Ι 11 E IV

”w ν

,6661 666 16666166 ..... 1 64
3661666 6666666666 . . . . 16 66 16 61 11 67 1619 14 144

ι666166666166661166666... 6916 17 41 616 66 66616 76
666 61116166 666666 6611 8 6616666666 m ie 6 6166666 6666661116 66 666 66666666 666 61666666ῃωὶ6616

aemma 666
666664 666

6616666 6616116666 Ι-Π Dr. 6616166, HI-V Dr. 616, vl-vm 61616666.
1116116 ......... 1th Η6116Π6 Π16Π16 1Π61116 IVIV VV VIVI 66.
w. 11611. 11611. Mn 11111. MR.

3661666 6666666666 . . . .
3661666 6166666666 . . .

b) Jm 6561666.

6166 666 66661666 666 11166661-17 6666 616 6616666666 66611661, bet 1666166666 6666661116 66166 6611666
666 6666166666 1666161166 Dr 666661 6616 6116 8661 666 1616666666 6611166 661666

66616616616661661666116661166
1113 66666 6661666 m 1-*1-1-*1-1ῄ1-1-*11 1⁰⁰
166 61116166 66161666

c) 3m 161611611666 ὄ6166666.
66 66666666 6 6616166666, 666 66666 616 66116 6666666616 616 66611166 666 16616666, 616 1666116 6161661666 666

&mm mm (66 6661116166 616 666 16 1 16 1 Π6 1 Hb 11 &m

166 6666666666 1 1 4 11
66 6616166661666 6 6

 

