11
’ 6666161116611616161661116116. 81. 8.-(1661161 106116. 1661166666. - 611161166666161166161111611111
16611116161166666616116166111116. 1890. - 6666611166 1111661661611. 61. 1. 1111. 1. - 16116116116111
661111116116111611. 61. 10. - 6661666111666, 66666666611161611161111166 1111616161. 661116616-

6661616611, 6111161161 666 66666611111666616661661611111. 661111- 6116161, 6661111161 8166161166.
61.1.-ξ1611161161111116166666. 116116. 66. - 661161,6616661161611611161. 61. 1.

11. 66666116111166661 6161116161661666, 6616166666 11161 6661661116. 61, IL 1111. 1. -
61111661, 616 116ηαὶ116616 in 11161166. 61161. -111111661, 616 616111 16116661161161116616111 16
6661111661. ·- 1116161, 66611166 6611111661. - 1116111611, 66616611 661161 3611111666. -- 666116 , 616 6111611166
161 11616611. -661616111,(16611116661616611116116. 161, - 66161, 616 1116166 6116166 16 11166166 661
1116 111161. - 61616, 6611116116 (1616661. 61. 1. - 11161, 1161 166 616166 6611111166 161166 66666. -
61611166116, 666116. 61. 1. -— Valerii Maximi, 11111ΙΧ. - 11. Ternarii Varronis rerum,
rusticarum libri 111. - 1161661661 6161166 661 1161111166 6111616616. 61. 1. - 1611161666, 61161111 611 61116666
16116. 161. - 1111616 6616611666, 6611111116 brt 1611611666 1111616161. -11161116, 16616111 666 661
6616116. - 6616611, 6616611116. 61. 1. - 6616116161, 611161 661 6661111166 616166161161166. -
66616116666611666611111116161 11116666 666 1866. 61.1.

116 6611166166 616666 eir: 6616 66116 1111611161 161 6611111166 6. 1. m. 11666166661611661 6 61161, 6611666166
11611161. 61. 1. - 666 161 6616111611 1111 6661661116 66111116 661 6166616616 166166, 616 6616 661
1166111661611161 166 666161661161116 6161116. 66111. 6. - 66661161611899. - 66111116 6161166. 11666 16166 61. 3.

rr. 6666661666.

66116 1111611666, 1116 661616 661 66166161 661. , 61661, 6161661111 1161666116 66161 16611116 6611
1661116611. -· 603. a. b. 6666 1116661, 661 1661116 1161161661. - 601. a. b. (111611, 116 11111166111116611166.
- 605. 66166,116116661116111616611616 16666. - 606. 6616611, 661 116166 1611ς 1116116111 666 66111. -
607. 1161111611, 6111661161 661 6666166116 666 1161666. - 608. 66111166, 6111661161 rur (1666166116161 66166
6116611116 11116116- 609. 66161166, 6661 61166 8166. - 610. 6666116666, 66166611-611. 666116161,
11161. -· 611. 6661, 616 61166616. - 616. 11166166 6, 16666161666616666 61661 61166 11166666. - 611. 6. 66166,
661 111616 1661116 6111666166 661 6111661166. - 616. 6. 361611666661116616111, 6666116 6111061161611 661
1161111611. - 616. 1116, 1111161616. - 617. 6666116, 6616661116 6111116166. - 618. 66116166161, 66611
61116116 6116111166 661 1161111166 61616161. - 619. 66116, 6611 111666 1111166. „. 010. 11111166, 6666666666
61661 6661661166 6166616166 661166 16116 1870171. - 611. 6111661611, 616 11616116 6611666616. -
611. 66166161661,11616161616111.

8166116 1111611666, 1116 tertia: 151. 6611111661, 661 1661111666. 111116 1870-71. - 161. 661 661
1611666116 - 116. 66161666, 116 brt 1161. 6166616611. — 161. 6611, 116 6116166161611161666161666.
- 111. 6611, 666 111666 im 16611166 116116. - 166. 6166166, {im 1161666161 161 16111166 11611161. -
167. 66161666, 116 1661161161 61116611. - 1186116166.1166616111666-41966161666,0161161166.
- 160. 6166166, 1161 16161 1116116. - 161. 66166666, um 1116661611 116111. - 161. 661111, 116 66666 166
1661116111. - 166. 1111166611, 66161111166166111166. - 1611116111, 616 66616. —- 1616611, 66611116
61616166611161611616. -— 166. 6111661, 116 1111616166 11166616. - 167. 66116611, 1161611611 1611661166 1161161
6161611166. - 168. 6611, 11661661 36161161611161616161166. - 169. 66116666, 1116161 61661661 611166. -
170. 6611, 1161611661 1116166 6611111166. -1716166166, 616 661161. - 171. 6611, 661 66166. -
178. 66161666,116161166 11666. 11611. -171, 6611, 3161161661 616 661111661661611611. - 176. (16116611,
1161661 61661 66666 Seii. -176, 6611, 1161 1661 16666 661 16611166 11161611. - 177. 6 6 1 616 6 6, 361 6166661661. -
178. 6611, 6611 611 161 6166611666. -17916116616111, 66 6666611161. - 180. 6611, 661 &nane 161
6161116.- 181. 6611, 116161 166 661666 666 66666666. - 181 6611, 661 6616661666 666 61666616. -
188. 6611, 661 110111 166 6166166161. - 181. 6611, 616 6616116661 666 1116611616. - 186. 6611, Sum
61616166 1666116661111616. - 486. 6611, 661 6166 616 1666661116. - 187. 6611, Sur 16661661.

1661116611 mirrhe: 116. 11661666111161, 661 116166 661 616 161 6161166 666 66116 1116161161 11611.

661116 1111611666, 1116 6666166161 6616166 875. 61111661, 661166111611166. - 876. 11661161,
1111161161 6616661111 11116166. - 877. 11. 61616, 11 66661666 6161 16661611 116166 1116161.

4*

 

