, ,ἳὲ

1) 3111111111.

211 bem 1111111111 1111111111, 1111111111 221111111111 1111 112 0111111 1111111111 im 61111111 1111 2111111
non 1111 1011111111 Dr. 31111 1111111 111111 1111111111 fl&

111 11111111Π101

im 0111110101 -ἶ--,-8 -,Τ,,-ξ8ῑ
lm Dimabnffiinbt

501111 11111111 111 w 2111111111 im 61111111 8, im 10111111 &chilla
, ,,111,, ,1,,,1,

e) Jm Εηᾳῑίῐάῃη.

&fit 111 1111111111 1111111111 1111111111 0 2111111111. Die 11111 111111 1111111 21111. Dr. 61111111, bie
1111111111 111111 1111111 obortam 011111111201111111 1111111011 1111111111.

011011111111111 11111 Π1 IIb maffia.
ἱωῧ11111111111101126,84 11 Ἀ21-,ἓ
lm Quietbalhiabt 2 14 10

2111 11111 2111111111 1111111111 6111111111, im 21111112, 111 amite 011111 7,111 111111 14 beaw. 2101111111,

21111111 2111111111 am 1171111111111111111101111 11111111ῖῴ11 &hister 1111111 11111111

2111111111161111111111 111111 1111111 ist 1111111111 11111121111111 Dr. 2111111111 mammen
1111 &illem 1111111 11111111 0111111111 111 211111111111 in 11111 &umbe 1111111111 21111111111111111 1111171 1111111.

IL 31111ίὶ11111 111 1111111111 ’1111111111
8011111112011111111110011111111111111.

&amotum 7111 m w 1000.
1. 0111111111 0110111111 2111111111, 4. 111111, 1111111. 01117αηὶ1111 0111111111, 10. 1111111111.
2. 211111111111ε ,, 1111111, 1. 311111111111. , 2111111111, 7. 31111111.
3. &ommcttetlem , 2111111111, 4. 3111, 11111111. , 21112111, 7. 1711111, 1111.
4. 011111111111 , 6111111111, 22. Dent„ 11111111. , 2111111111, 11. 011, 1111.
5. Deibnathtssfetlen: , 2111111111, 20. 21111, 11111111. , 17111111, 4. 311111, 1111.

ΠΙ §oxonia

211611111111111111111821111.

50110111111111111111111111111111111111 20. 6111111111 1820 111 11132211110001111111111
1111 111111 111 0111111111 21111111011111111 011. 2111111111111112 Dr. 2111111111. 2113 21111111 111 2211111111
1111111111 1011111111 111 111 0111111111 Dr. 111111. 31 2211111111 1111111111 1, gu 0111111 86111111 111 111111.
3111 2111111111 1111 im 2111111111 Ν uniet Ι) 111111111111121.

2112111111111111111 1111111111 21. 0111111111 1112221111111111111211711 111 21111111 ab·
sstbssltm ’111 &mnis 11111 2111111111 IV nutet 0 1111111111.

 

